1 0.386920064383229
2 0.136796900651258
3 0.0744628011088416
4 0.0483650080479037
5 0.0346071826327798
6 0.0263265758051035
7 0.0208917197473291
8 0.0170996125814073
9 0.0143303727549344
10 0.0122354867587
11 0.0106055262596638
12 0.0093078501386052
13 0.0082547936783406
14 0.00738633835199265
15 0.00666015540297666
16 0.00604562600598796
17 0.00552011174436969
18 0.00506655187597254
19 0.00467187107998545
20 0.00432589782909748
21 0.00402061333998489
22 0.00374961976813015
23 0.00350775697877368
24 0.00329082197563794
25 0.00309536051506583
26 0.00291851029362524
27 0.00275788152254969
28 0.00261146496841613
29 0.0024775604207976
30 0.00235472052460051
31 0.00224170629108932
32 0.00213745157267591
33 0.00204103448030486
34 0.00195165422367565
35 0.0018686122208761
36 0.0017912965943668
37 0.00171916937169531
38 0.00165175586074352
39 0.00158863578409825
40 0.0015294358448375
41 0.0014738234635344
42 0.0014215014786162
43 0.00137220364305679
44 0.00132569078245798
45 0.00128174750491777
46 0.00124017937322265
47 0.00120081046599201
48 0.00116348126732565
49 0.00112804683493653
50 0.00109437520521007
51 0.00106234600052288
52 0.00103184920979257
53 0.00100278411786308
54 0.000975058363151982
55 0.000948587106150698
56 0.000923292293999081
57 0.000899102008549609
58 0.00087594988717269
59 0.00085377460709632
60 0.000832519425372082
61 0.000812131767656785
62 0.000792562859928903
63 0.000773767398049225
64 0.000755703250748495
65 0.000738331192200204
66 0.000721614660829562
67 0.00070551954143291
68 0.000690013968046211
69 0.000675068145315591
70 0.000660654186394773
71 0.000646745965629861
72 0.000633318984496567
73 0.000620350249433066
74 0.000607818160366986
75 0.000595702408870733
76 0.000583983884998181
77 0.000572644591959909
78 0.000561667567885742
79 0.000551036814003911
80 0.000540737228637185
81 0.000530754546479052
82 0.000521075282668511
83 0.000511686681231187
84 0.000502576667498111
85 0.000493733804152223
86 0.000485147250587169
87 0.000476806725293686
88 0.000468702471016269
89 0.000460825222447356
90 0.000453166176248147
91 0.000445716963204843
92 0.00043846962234671
93 0.000431416576868166
94 0.000424550611711365
95 0.000417864852678513
96 0.000411352746954743
97 0.000405008044932747
98 0.000398824783239821
99 0.000392797268876439
100 0.000386920064383229
101 0.000381187973960155
102 0.00037559603046807
103 0.000370139483248553
104 0.000364813786703155
105 0.000359614589577947
106 0.000354537724903578
107 0.000349579200545014
108 0.000344735190318711
109 0.000340002025638273
110 0.000335376187652641
111 0.000330854299843616
112 0.000326433121052017
113 0.000322109538904096
114 0.000317880563611937
115 0.00031374332212349
116 0.0003096950525997
117 0.0003057330991978
118 0.000301854907141344
119 0.000298058018058962
120 0.000294340065575064
121 0.000290698771136912
122 0.000287131940063565
123 0.000283637457803192
124 0.000280213286386166
125 0.000276857461062239
126 0.000273568087110839
127 0.000270343336814299
128 0.000267181446584489
129 0.00026408071423394
130 0.000261039496383156
131 0.000258056205996319
132 0.000255129310038107
133 0.000252257327244821
134 0.000249438826003417
135 0.000246672422332469
136 0.000243956777959457
137 0.000241290598489105
138 0.00023867263165784
139 0.000236101665669724
140 0.000233576527609513
141 0.000231096081928736
142 0.000228659229000958
143 0.000226264903742591
144 0.00022391207429585
145 0.000221599740770657
146 0.000219326934042444
147 0.000217092714603037
148 0.000214896171461914
149 0.000212736421095318
150 0.000210612606440828
151 0.000208523895935143
152 0.000206469482592939
153 0.000204448583124803
154 0.000202460437092328
155 0.000200504306098586
156 0.000198579473012282
157 0.000196685241223964
158 0.000194820933932798
159 0.000192985893462444
160 0.000191179480604687
161 0.000189401073989519
162 0.000187650069480464
163 0.000185925879593974
164 0.0001842279329418
165 0.000182555673695305
166 0.000180908561070706
167 0.000179286068834339
168 0.000177687684827025
169 0.000176112910506704
170 0.000174561260508534
171 0.000173032262221683
172 0.000171525455382098
173 0.000170040391680542
174 0.000168576634385258
175 0.000167133757978633
176 0.000165711347807248
177 0.000164308999744776
178 0.000162926319867162
179 0.000161562924139589
180 0.000160218438114721
181 0.000158892496641785
182 0.00015758474358601
183 0.000156294831558031
184 0.000155022421652832
185 0.000153767183197853
186 0.000152528793509884
187 0.000151306937660401
188 0.000150101308249001
189 0.000148911605184625
190 0.000147737535474247
191 0.00014657881301875
192 0.000145435158415706
193 0.000144306298768781
194 0.000143191967503526
195 0.000142091904189295
196 0.000141005854367066
197 0.00013993356938293
198 0.000138874806227043
199 0.000137829327377832
200 0.000136796900651258
201 0.000135777299054944
202 0.000134770300646993
203 0.000133775688399326
204 0.000132793250065361
205 0.000131822778051884
206 0.000130864069294968
207 0.000129916925139766
208 0.000128981151224072
209 0.000128056557365489
210 0.000127142957452092
211 0.000126240169336447
212 0.000125348014732885
213 0.000124466319117902
214 0.000123594911633576
215 0.000122733624993913
216 0.000121882295393998
217 0.000121040762421864
218 0.000120208868972992
219 0.000119386461167344
220 0.000118573388268837
221 0.000117769502607195
222 0.000116974659502074
223 0.000116188717189409
224 0.000115411536749885
225 0.000114642982039475
226 0.000113882919621979
227 0.000113131218703485
228 0.000112387751068701
229 0.000111652391019091
230 0.000110925015312757
231 0.000110205503106012
232 0.000109493735896586
233 0.000108789597468417
234 0.000108092973837972
235 0.000107403753202053
236 0.00010672182588704
237 0.000106047084299517
238 0.000105379422878257
239 0.000104718738047502
240 0.00010406492817151
241 0.000103417893510329
242 0.000102777536176753
243 0.000102143760094433
244 0.000101516470957098
245 0.000100895576188862
246 0.000100280984905575
247 9.96726078771885e-5
248 9.90703574911129e-5
249 9.8474147716524e-5
250 9.78838940695998e-5
251 9.72995135796558e-5
252 9.67209247561531e-5
253 9.61480475565533e-5
254 9.5580803354995e-5
255 9.50191149117679e-5
256 9.44629063435618e-5
257 9.39121030944667e-5
258 9.3366631907703e-5
259 9.28264207980604e-5
260 9.22913990250255e-5
261 9.17614970665778e-5
262 9.12366465936347e-5
263 9.07167804451285e-5
264 9.02018326036953e-5
265 8.96917381719606e-5
266 8.91864333494036e-5
267 8.86858554097835e-5
268 8.81899426791137e-5
269 8.76986345141675e-5
270 8.72118712815003e-5
271 8.67295943369751e-5
272 8.62517460057764e-5
273 8.57782695628996e-5
274 8.53091092141034e-5
275 8.48442100773108e-5
276 8.43835181644489e-5
277 8.3926980363714e-5
278 8.34745444222505e-5
279 8.30261589292343e-5
280 8.25817732993466e-5
281 8.21413377566319e-5
282 8.17048033187256e-5
283 8.12721217814451e-5
284 8.08432457037326e-5
285 8.04181283929409e-5
286 7.99967238904536e-5
287 7.95789869576307e-5
288 7.91648730620709e-5
289 7.87543383641826e-5
290 7.83473397040562e-5
291 7.79438345886285e-5
292 7.75437811791333e-5
293 7.71471382788296e-5
294 7.67538653210015e-5
295 7.63639223572218e-5
296 7.59772700458732e-5
297 7.55938696409206e-5
298 7.52136829809281e-5
299 7.48366724783145e-5
300 7.44628011088416e-5
301 7.40920324013286e-5
302 7.37243304275888e-5
303 7.33596597925812e-5
304 7.29979856247727e-5
305 7.26392735667055e-5
306 7.2283489765765e-5
307 7.19306008651424e-5
308 7.15805739949887e-5
309 7.12333767637536e-5
310 7.08889772497069e-5
311 7.05473439926361e-5
312 7.02084459857178e-5
313 6.98722526675562e-5
314 6.95387339143884e-5
315 6.92078600324482e-5
316 6.88796017504888e-5
317 6.85539302124573e-5
318 6.82308169703195e-5
319 6.79102339770304e-5
320 6.75921535796481e-5
321 6.7276548512586e-5
322 6.6963391891002e-5
323 6.66526572043199e-5
324 6.63443183098815e-5
325 6.60383494267248e-5
326 6.57347251294863e-5
327 6.54334203424249e-5
328 6.51344103335638e-5
329 6.48376707089479e-5
330 6.45431774070142e-5
331 6.42509066930734e-5
332 6.39608351538984e-5
333 6.3672939692419e-5
334 6.33871975225198e-5
335 6.31035861639386e-5
336 6.28220834372639e-5
337 6.25426674590279e-5
338 6.22653166368951e-5
339 6.19900096649421e-5
340 6.17167255190278e-5
341 6.14454434522522e-5
342 6.11761429905006e-5
343 6.09088039280731e-5
344 6.06434063233961e-5
345 6.03799304948147e-5
346 6.01183570164638e-5
347 5.9858666714217e-5
348 5.96008406617107e-5
349 5.93448601764424e-5
350 5.90907068159412e-5
351 5.88383623740094e-5
352 5.85878088770337e-5
353 5.8339028580363e-5
354 5.80920039647548e-5
355 5.78467177328845e-5
356 5.76031528059196e-5
357 5.7361292320156e-5
358 5.71211196237155e-5
359 5.68826182733021e-5
360 5.66457720310184e-5
361 5.64105648612377e-5
362 5.61769809275335e-5
363 5.59450045896631e-5
364 5.57146204006054e-5
365 5.54858131036515e-5
366 5.52585676295463e-5
367 5.50328690936818e-5
368 5.48087027933388e-5
369 5.45860542049779e-5
370 5.43649089815779e-5
371 5.41452529500205e-5
372 5.39270721085208e-5
373 5.37103526241032e-5
374 5.34950808301198e-5
375 5.32812432238133e-5
376 5.30688264639206e-5
377 5.28578173683189e-5
378 5.26482029117112e-5
379 5.24399702233526e-5
380 5.22331065848141e-5
381 5.20275994277858e-5
382 5.18234363319167e-5
383 5.16206050226915e-5
384 5.14190933693428e-5
385 5.12188893827995e-5
386 5.10199812136685e-5
387 5.08223571502513e-5
388 5.06260056165934e-5
389 5.04309151705659e-5
390 5.02370745019799e-5
391 5.00444724307314e-5
392 4.98530979049776e-5
393 4.96629399993427e-5
394 4.94739879131539e-5
395 4.92862309687061e-5
396 4.90996586095548e-5
397 4.89142603988378e-5
398 4.8730026017623e-5
399 4.85469452632844e-5
400 4.83650080479037e-5
401 4.81842043966978e-5
402 4.80045244464723e-5
403 4.78259584440992e-5
404 4.76484967450194e-5
405 4.74721298117693e-5
406 4.72968482125311e-5
407 4.71226426197057e-5
408 4.69495038085087e-5
409 4.67774226555889e-5
410 4.66063901376683e-5
411 4.64363973302036e-5
412 4.62674354060691e-5
413 4.60994956342601e-5
414 4.59325693786168e-5
415 4.5766648096568e-5
416 4.56017233378944e-5
417 4.54377867435114e-5
418 4.52748300442708e-5
419 4.51128450597805e-5
420 4.49518236972434e-5
421 4.47917579503135e-5
422 4.46326398979699e-5
423 4.44744617034078e-5
424 4.43172156129473e-5
425 4.41608939549575e-5
426 4.40054891387985e-5
427 4.38509936537784e-5
428 4.36974000681268e-5
429 4.35447010279831e-5
430 4.33928892564014e-5
431 4.32419575523686e-5
432 4.30918987898389e-5
433 4.29427059167818e-5
434 4.27943719542448e-5
435 4.264688999543e-5
436 4.25002532047841e-5
437 4.23544548171026e-5
438 4.22094881366467e-5
439 4.20653465362738e-5
440 4.19220234565801e-5
441 4.17795124050566e-5
442 4.1637806955257e-5
443 4.14969007459781e-5
444 4.1356787480452e-5
445 4.121746092555e-5
446 4.10789149109987e-5
447 4.09411433286065e-5
448 4.08041401315021e-5
449 4.0667899333384e-5
450 4.05324150077803e-5
451 4.03976812873195e-5
452 4.0263692363012e-5
453 4.01304424835414e-5
454 3.99979259545664e-5
455 3.98661371380321e-5
456 3.97350704514921e-5
457 3.96047203674391e-5
458 3.94750814126457e-5
459 3.93461481675142e-5
460 3.92179152654362e-5
461 3.909037739216e-5
462 3.89635292851682e-5
463 3.88373657330635e-5
464 3.87118815749625e-5
465 3.85870716998993e-5
466 3.84629310462362e-5
467 3.83394546010831e-5
468 3.8216637399725e-5
469 3.80944745250573e-5
470 3.79729611070292e-5
471 3.7852092322094e-5
472 3.7731863392668e-5
473 3.76122695865961e-5
474 3.7493306216625e-5
475 3.73749686398836e-5
476 3.72572522573703e-5
477 3.71401525134475e-5
478 3.70236648953432e-5
479 3.69077849326586e-5
480 3.6792508196883e-5
481 3.66778303009151e-5
482 3.6563746898591e-5
483 3.64502536842177e-5
484 3.63373463921139e-5
485 3.62250207961565e-5
486 3.61132727093327e-5
487 3.60020979832991e-5
488 3.58914925079457e-5
489 3.57814522109663e-5
490 3.56719730574343e-5
491 3.55630510493843e-5
492 3.5454682225399e-5
493 3.53468626602015e-5
494 3.52395884642539e-5
495 3.51328557833592e-5
496 3.50266607982707e-5
497 3.49209997243049e-5
498 3.48158688109599e-5
499 3.47112643415393e-5
500 3.46071826327798e-5
501 3.45036200344852e-5
502 3.44005729291636e-5
503 3.42980377316702e-5
504 3.41960108888548e-5
505 3.4094488879213e-5
506 3.39934682125428e-5
507 3.38929454296047e-5
508 3.37929171017874e-5
509 3.36933798307764e-5
510 3.35943302482274e-5
511 3.34957650154445e-5
512 3.33976808230612e-5
513 3.33000743907263e-5
514 3.32029424667938e-5
515 3.31062818280163e-5
516 3.30100892792425e-5
517 3.29143616531184e-5
518 3.28190958097922e-5
519 3.27242886366234e-5
520 3.26299370478945e-5
521 3.25360379845276e-5
522 3.24425884138033e-5
523 3.23495853290839e-5
524 3.22570257495398e-5
525 3.21649067198791e-5
526 3.20732253100808e-5
527 3.19819786151311e-5
528 3.18911637547634e-5
529 3.18007778732004e-5
530 3.17108181389008e-5
531 3.16212817443081e-5
532 3.15321659056027e-5
533 3.1443467862457e-5
534 3.13551848777938e-5
535 3.12673142375473e-5
536 3.11798532504271e-5
537 3.10927992476849e-5
538 3.10061495828842e-5
539 3.0919901631673e-5
540 3.08340527915586e-5
541 3.07486004816857e-5
542 3.06635421426168e-5
543 3.05788752361154e-5
544 3.04945972449321e-5
545 3.04107056725922e-5
546 3.0327198043187e-5
547 3.02440719011671e-5
548 3.01613248111381e-5
549 3.00789543576587e-5
550 2.99969581450412e-5
551 2.99153337971547e-5
552 2.983407895723e-5
553 2.97531912876674e-5
554 2.96726684698462e-5
555 2.95925082039369e-5
556 2.95127082087155e-5
557 2.94332662213795e-5
558 2.93541799973668e-5
559 2.92754473101759e-5
560 2.91970659511891e-5
561 2.91190337294968e-5
562 2.90413484717245e-5
563 2.89640080218616e-5
564 2.8887010241092e-5
565 2.88103530076269e-5
566 2.87340342165394e-5
567 2.86580517796009e-5
568 2.85824036251198e-5
569 2.85070876977812e-5
570 2.84321019584895e-5
571 2.83574443842118e-5
572 2.82831129678238e-5
573 2.82091057179571e-5
574 2.81354206588483e-5
575 2.80620558301895e-5
576 2.79890092869813e-5
577 2.79162790993867e-5
578 2.78438633525867e-5
579 2.77717601466381e-5
580 2.76999675963321e-5
581 2.76284838310551e-5
582 2.75573069946509e-5
583 2.74864352452841e-5
584 2.74158667553055e-5
585 2.73455997111187e-5
586 2.72756323130483e-5
587 2.72059627752097e-5
588 2.71365893253796e-5
589 2.70675102048691e-5
590 2.69987236683973e-5
591 2.69302279839665e-5
592 2.68620214327392e-5
593 2.67941023089157e-5
594 2.67264689196134e-5
595 2.6659119584748e-5
596 2.65920526369147e-5
597 2.65252664212722e-5
598 2.64587592954264e-5
599 2.63925296293169e-5
600 2.63265758051035e-5
601 2.62608962170546e-5
602 2.61954892714364e-5
603 2.61303533864041e-5
604 2.60654869918929e-5
605 2.60008885295115e-5
606 2.59365564524361e-5
607 2.58724892253055e-5
608 2.58086853241174e-5
609 2.57451432361262e-5
610 2.56818614597411e-5
611 2.56188385044261e-5
612 2.55560728906004e-5
613 2.54935631495405e-5
614 2.54313078232826e-5
615 2.53693054645266e-5
616 2.5307554636541e-5
617 2.52460539130685e-5
618 2.51848018782332e-5
619 2.51237971264479e-5
620 2.50630382623233e-5
621 2.50025239005775e-5
622 2.49422526659465e-5
623 2.48822231930964e-5
624 2.48224341265352e-5
625 2.47628841205267e-5
626 2.47035718390044e-5
627 2.46444959554873e-5
628 2.45856551529955e-5
629 2.45270481239672e-5
630 2.44686735701768e-5
631 2.44105302026532e-5
632 2.43526167415997e-5
633 2.42949319163139e-5
634 2.4237474465109e-5
635 2.41802431352358e-5
636 2.41232366828055e-5
637 2.40664538727131e-5
638 2.40098934785616e-5
639 2.39535542825874e-5
640 2.38974350755859e-5
641 2.3841534656838e-5
642 2.37858518340377e-5
643 2.373038542322e-5
644 2.36751342486899e-5
645 2.36200971429515e-5
646 2.35652729466385e-5
647 2.35106605084453e-5
648 2.3456258685058e-5
649 2.34020663410876e-5
650 2.33480823490019e-5
651 2.32943055890602e-5
652 2.32407349492467e-5
653 2.31873693252063e-5
654 2.31342076201792e-5
655 2.30812487449383e-5
656 2.30284916177251e-5
657 2.29759351641876e-5
658 2.29235783173187e-5
659 2.28714200173943e-5
660 2.28194592119131e-5
661 2.27676948555362e-5
662 2.27161259100282e-5
663 2.26647513441974e-5
664 2.26135701338382e-5
665 2.25625812616732e-5
666 2.25117837172958e-5
667 2.24611764971135e-5
668 2.24107586042924e-5
669 2.2360529048701e-5
670 2.23104868468553e-5
671 2.22606310218648e-5
672 2.22109606033782e-5
673 2.21614746275298e-5
674 2.21121721368869e-5
675 2.20630521803975e-5
676 2.2014113813338e-5
677 2.19653560972622e-5
678 2.19167780999501e-5
679 2.18683788953576e-5
680 2.18201575635667e-5
681 2.17721131907359e-5
682 2.1724244869051e-5
683 2.16765516966772e-5
684 2.16290327777104e-5
685 2.15816872221299e-5
686 2.15345141457512e-5
687 2.14875126701792e-5
688 2.14406819227623e-5
689 2.1394021036546e-5
690 2.1347529150228e-5
691 2.13012054081128e-5
692 2.12550489600677e-5
693 2.12090589614781e-5
694 2.11632345732042e-5
695 2.11175749615373e-5
696 2.10720792981573e-5
697 2.102674676009e-5
698 2.0981576529665e-5
699 2.09365677944738e-5
700 2.08917197473291e-5
701 2.08470315862229e-5
702 2.08025025142867e-5
703 2.07581317397512e-5
704 2.0713918475906e-5
705 2.06698619410606e-5
706 2.06259613585053e-5
707 2.05822159564721e-5
708 2.0538624968097e-5
709 2.0495187631381e-5
710 2.04519031891534e-5
711 2.04087708890337e-5
712 2.03657899833953e-5
713 2.03229597293282e-5
714 2.02802793886031e-5
715 2.02377482276352e-5
716 2.01953655174486e-5
717 2.01531305336411e-5
718 2.01110425563489e-5
719 2.00691008702121e-5
720 2.00273047643402e-5
721 1.99856535322781e-5
722 1.99441464719724e-5
723 1.99027828857375e-5
724 1.98615620802231e-5
725 1.98204833663808e-5
726 1.97795460594316e-5
727 1.9738749478834e-5
728 1.96980929482512e-5
729 1.96575757955205e-5
730 1.96171973526207e-5
731 1.95769569556418e-5
732 1.95368539447538e-5
733 1.94968876641761e-5
734 1.9457057462147e-5
735 1.9417362690894e-5
736 1.9377802706604e-5
737 1.93383768693931e-5
738 1.92990845432782e-5
739 1.92599250961474e-5
740 1.92208978997316e-5
741 1.91820023295756e-5
742 1.91432377650102e-5
743 1.91046035891239e-5
744 1.90660991887355e-5
745 1.9027723954366e-5
746 1.8989477280212e-5
747 1.8951358564118e-5
748 1.89133672075501e-5
749 1.8875502615569e-5
750 1.88377641968041e-5
751 1.88001513634268e-5
752 1.87626635311252e-5
753 1.8725300119078e-5
754 1.86880605499292e-5
755 1.86509442497629e-5
756 1.86139506480782e-5
757 1.85770791777644e-5
758 1.85403292750766e-5
759 1.8503700379611e-5
760 1.84671919342809e-5
761 1.84308033852927e-5
762 1.83945341821223e-5
763 1.83583837774914e-5
764 1.83223516273438e-5
765 1.82864371908231e-5
766 1.82506399302487e-5
767 1.82149593110941e-5
768 1.81793948019633e-5
769 1.81439458745691e-5
770 1.81086120037106e-5
771 1.80733926672514e-5
772 1.80382873460976e-5
773 1.80032955241762e-5
774 1.79684166884137e-5
775 1.79336503287146e-5
776 1.78989959379407e-5
777 1.78644530118899e-5
778 1.78300210492753e-5
779 1.77956995517052e-5
780 1.77614880236619e-5
781 1.77273859724821e-5
782 1.76933929083367e-5
783 1.76595083442106e-5
784 1.76257317958833e-5
785 1.75920627819091e-5
786 1.75585008235979e-5
787 1.75250454449959e-5
788 1.74916961728662e-5
789 1.74584525366704e-5
790 1.74253140685493e-5
791 1.73922803033046e-5
792 1.73593507783803e-5
793 1.73265250338447e-5
794 1.72938026123714e-5
795 1.72611830592223e-5
796 1.7228665922229e-5
797 1.71962507517755e-5
798 1.71639371007803e-5
799 1.7131724524679e-5
800 1.70996125814073e-5
801 1.70676008313836e-5
802 1.70356888374918e-5
803 1.7003876165065e-5
804 1.6972162381868e-5
805 1.69405470580813e-5
806 1.69090297662843e-5
807 1.68776100814391e-5
808 1.68462875808742e-5
809 1.68150618442684e-5
810 1.67839324536351e-5
811 1.6752898993306e-5
812 1.67219610499158e-5
813 1.66911182123865e-5
814 1.66603700719121e-5
815 1.66297162219427e-5
816 1.65991562581701e-5
817 1.65686897785122e-5
818 1.65383163830981e-5
819 1.65080356742535e-5
820 1.64778472564856e-5
821 1.64477507364687e-5
822 1.64177457230299e-5
823 1.63878318271343e-5
824 1.6358008661871e-5
825 1.63282758424388e-5
826 1.62986329861325e-5
827 1.62690797123283e-5
828 1.62396156424708e-5
829 1.62102404000585e-5
830 1.61809536106308e-5
831 1.61517549017542e-5
832 1.6122643903009e-5
833 1.60936202459758e-5
834 1.60646835642226e-5
835 1.60358334932916e-5
836 1.60070696706862e-5
837 1.5978391735858e-5
838 1.59497993301944e-5
839 1.59212920970054e-5
840 1.58928696815115e-5
841 1.58645317308307e-5
842 1.58362778939666e-5
843 1.58081078217958e-5
844 1.57800211670559e-5
845 1.57520175843331e-5
846 1.57240967300505e-5
847 1.56962582624561e-5
848 1.56685018416107e-5
849 1.56408271293765e-5
850 1.56132337894052e-5
851 1.55857214871268e-5
852 1.55582898897377e-5
853 1.55309386661894e-5
854 1.55036674871775e-5
855 1.54764760251301e-5
856 1.5449363954197e-5
857 1.54223309502383e-5
858 1.53953766908139e-5
859 1.5368500855172e-5
860 1.53417031242392e-5
861 1.53149831806086e-5
862 1.52883407085303e-5
863 1.52617753939002e-5
864 1.52352869242497e-5
865 1.52088749887352e-5
866 1.5182539278128e-5
867 1.51562794848039e-5
868 1.5130095302733e-5
869 1.51039864274696e-5
870 1.50779525561426e-5
871 1.5051993387445e-5
872 1.50261086216241e-5
873 1.50002979604721e-5
874 1.49745611073162e-5
875 1.49488977670088e-5
876 1.4923307645918e-5
877 1.48977904519182e-5
878 1.48723458943806e-5
879 1.48469736841639e-5
880 1.48216735336047e-5
881 1.47964451565087e-5
882 1.47712882681415e-5
883 1.47462025852191e-5
884 1.47211878258993e-5
885 1.46962437097726e-5
886 1.46713699578531e-5
887 1.46465662925702e-5
888 1.46218324377593e-5
889 1.45971681186532e-5
890 1.4572573061874e-5
891 1.45480469954237e-5
892 1.45235896486762e-5
893 1.44992007523689e-5
894 1.4474880038594e-5
895 1.44506272407905e-5
896 1.44264420937356e-5
897 1.44023243335369e-5
898 1.43782736976239e-5
899 1.43542899247399e-5
900 1.43303727549344e-5
901 1.43065219295548e-5
902 1.42827371912383e-5
903 1.42590182839045e-5
904 1.42353649527474e-5
905 1.42117769442275e-5
906 1.41882540060644e-5
907 1.41647958872289e-5
908 1.41414023379356e-5
909 1.41180731096354e-5
910 1.40948079550077e-5
911 1.40716066279535e-5
912 1.40484688835876e-5
913 1.40253944782317e-5
914 1.40023831694066e-5
915 1.39794347158254e-5
916 1.39565488773864e-5
917 1.39337254151656e-5
918 1.391096409141e-5
919 1.38882646695304e-5
920 1.38656269140947e-5
921 1.38430505908205e-5
922 1.38205354665688e-5
923 1.37980813093369e-5
924 1.37756878882515e-5
925 1.37533549735625e-5
926 1.37310823366356e-5
927 1.37088697499464e-5
928 1.36867169870733e-5
929 1.36646238226912e-5
930 1.36425900325652e-5
931 1.36206153935436e-5
932 1.35986996835521e-5
933 1.35768426815872e-5
934 1.35550441677098e-5
935 1.35333039230392e-5
936 1.35116217297465e-5
937 1.34899973710489e-5
938 1.34684306312031e-5
939 1.34469212954997e-5
940 1.34254691502567e-5
941 1.34040739828137e-5
942 1.3382735581526e-5
943 1.33614537357585e-5
944 1.334022823588e-5
945 1.33190588732573e-5
946 1.32979454402493e-5
947 1.32768877302014e-5
948 1.32558855374396e-5
949 1.32349386572651e-5
950 1.32140468859481e-5
951 1.3193210020723e-5
952 1.31724278597822e-5
953 1.31517002022706e-5
954 1.31310268482807e-5
955 1.31104075988463e-5
956 1.30898422559378e-5
957 1.30693306224563e-5
958 1.30488725022288e-5
959 1.30284677000022e-5
960 1.30081160214388e-5
961 1.29878172731103e-5
962 1.29675712624933e-5
963 1.29473777979635e-5
964 1.29272366887911e-5
965 1.29071477451355e-5
966 1.28871107780401e-5
967 1.28671255994275e-5
968 1.28471920220941e-5
969 1.2827309859706e-5
970 1.2807478926793e-5
971 1.27876990387444e-5
972 1.27679700118041e-5
973 1.27482916630654e-5
974 1.27286638104666e-5
975 1.2709086272786e-5
976 1.26895588696373e-5
977 1.26700814214646e-5
978 1.26506537495383e-5
979 1.263127567595e-5
980 1.26119470236078e-5
981 1.25926676162323e-5
982 1.25734372783515e-5
983 1.25542558352965e-5
984 1.25351231131969e-5
985 1.25160389389766e-5
986 1.2497003140349e-5
987 1.24780155458131e-5
988 1.24590759846486e-5
989 1.24401842869117e-5
990 1.24213402834311e-5
991 1.24025438058035e-5
992 1.23837946863891e-5
993 1.23650927583078e-5
994 1.23464378554348e-5
995 1.23278298123962e-5
996 1.23092684645655e-5
997 1.22907536480587e-5
998 1.22722851997306e-5
999 1.2253862957171e-5
1000 1.22354867587e-5